-4.666079371772096529e+00
-5.949992782194261087e-01
-5.019919658953775343e-01
4.166596404309605983e-01
1.204654436372176174e-01
3.537839809200091223e-01
1.991660205129437700e-01
-1.329603470128491172e-01
4.902101899667768992e-01
7.961684416037516643e-01
5.127041866207571186e-01
-2.447720058002730847e-01
2.897560224597874323e-01
6.697459660228886058e-01
8.908745895020734329e-01
7.338973475103368616e-01
5.810745647155307614e-02
9.228378268034550524e-01
-5.294837682921586797e-02
1.225368064856829642e-01
6.661253134047354640e-01
4.715159506137511780e-01
4.495757225987410677e-01
8.698149897853716395e-01
6.147821028250216591e-01
1.270450723546425742e+00
3.321712115374839125e-01
-6.214647154036211790e-02
4.613478077435441693e-01
9.810195222965950590e-01
5.338192839150722735e-01
3.255633435284204236e-01
1.264901190064116721e+00
1.346518964524173967e+00
-1.865641899890245134e-02
-5.137034120782167645e-02
7.125278114336547342e-01
8.631417613071400430e-01
7.680095128872466148e-01
8.696324585630038628e-01
1.075718016040310143e+00
1.637301171528712018e+00
-1.998697864194486917e-01
1.088562902554750522e-01
1.655740996602736714e-01
5.022392631320373724e-01
7.364395043009551722e-01
1.042104030485264010e+00
8.031652201084684695e-01
1.561376246781680965e+00
5.306271482111001303e-01
-3.207398768070306438e-01
-1.534989884853254494e-01
3.769394115842724102e-01
5.783181780267649952e-01
8.554066607650356868e-01
5.529488458261681005e-01
1.115115742413501865e+00
-1.619276196738254903e-02
-1.121491979770606329e-01
-2.054160023468774021e-01
1.076853879720228863e-01
2.393248448913124216e-01
4.577873855505261158e-01
5.718520843681188515e-01
1.248115866532066631e+00
5.046993152589466236e-01
3.171959125628201481e-01
3.649118666497181418e-01
5.306753398417838330e-01
6.226791620011290496e-01
7.675796265295540266e-01
1.340703769899114661e+00
1.562061475314709291e+00
4.331385875914751105e-01
2.092415227049149451e-01
-6.173913630116353163e-02
1.126366620430658827e-01
2.075660836845360790e-01
7.702943584373868058e-01
1.041585370111537845e+00
1.348177595649550309e+00
5.455861178884282570e-01
4.677155900154202073e-02
-2.168686329686586589e-01
-2.215699143288616946e-01
-2.149784444901598757e-01
3.471165966342987796e-01
6.985633708635686778e-01
1.559588772410971602e+00
4.192894878963989713e-01
2.542532372683586339e-01
-1.165459886754734720e-01
-3.534458382246886132e-01
-1.763721049769881588e-01
8.799871793396163433e-02
9.859676424006632578e-01
1.371848952159518298e+00
4.679689808126108463e-01
2.885023193766064753e-01
-1.245840141746312746e-02
-3.914861939907565702e-01
-6.076023966046963931e-01
3.206997143588961041e-01
1.091380159823886808e+00
1.179401746791444827e+00
8.903233097655308126e-02
-6.897654744351922051e-02
-2.774277815269068359e-01
-3.287318547876731945e-01
-1.830780022362239190e-01
4.516815517310167616e-01
1.398610795083357949e+00
1.797902381739014732e+00
2.732817333922846204e-02
1.987689571807338684e-01
-6.248141761934188944e-03
-3.410342520369356173e-02
1.291182087258647693e-01
9.245148096741940824e-01
2.096938809079322841e+00
1.670686214756008647e+00
2.332787209109951354e-01
2.567039128896547173e-01
2.569167472897848636e-01
4.944720904237751569e-01
3.531442921159250181e-01
9.766806909799826686e-01
1.948306831902524960e+00
1.530899479834302523e+00
-4.736944864290054014e+00
-4.450867553235602792e+00
-5.021490774741072194e+00
-4.864529812666979147e+00
-3.466719942616736799e-02
-5.425490957607872922e+00
-2.288987431240366188e+00
-4.429771747769506440e+00
-4.536152065754811780e+00
-2.056687396501353238e+00
-4.185798048236327951e+00
-7.299793312394972089e-01
-3.551871378937786705e+00
-5.327706458446293425e+00
1.429523734782725264e-01
-2.322686812415669877e+00
-4.812401115892846803e+00
-7.673680583064856897e+00
-1.100796545915997543e-01
-4.592449677571775801e+00
-5.256848717074823263e+00
-5.248740785715084733e+00
-1.671191841784641086e-01
-5.043321132925342454e-01
-7.733797501431584343e-02
6.272308483811409596e-01
-4.183653237903030564e-01
-2.004864292018575522e-01
-1.605890978072578523e+00
-4.025824695299710321e+00
-4.359971221429997712e+00
-4.862817944934413994e+00
4.714120343800176638e-01
-4.855324543004115867e+00
1.499439193302914142e-01
-4.320667305704323446e+00
-5.503343395361057766e+00
1.493278593123269771e-01
5.284708386499727961e-01
-4.658425102290009612e+00
-3.103918071512398180e-01
-1.047845648823020781e+00
-1.502164707175645431e+00
-3.914539971171124844e-01
-5.145992856055389808e+00
-1.773867752010456433e+00
-2.836116840755848578e+00
2.613378380552163760e-01
-1.765982481633133316e+00
5.550777692232138349e-01
-6.642282754685153723e-01
-4.027022556919261476e+00
-4.886203000564707466e+00
-4.364993684554568709e+00
-4.786248878566436105e+00
-1.995126824593156378e+00
-4.379324876391371468e+00
-3.529911903938918183e-01
-2.146579171158379040e+00
6.541118991455999732e-01
-2.348684015978035333e+00
6.319463618889012979e-01
-5.669592741583133755e-01
-1.833558262990107712e+00
4.780084999095188802e-01
-5.079058514708168381e+00
3.536136833108473598e-01
-4.444782313286487430e+00
-1.257441600059099052e-01
-1.752979380888877170e+00
2.198972301562201748e-01
-8.303857771377677333e-01
8.498172002610455689e-01
-8.522211460862583188e-02
-4.564547921282869680e+00
6.117947859348872308e-01
-2.224637838208032015e-01
2.748555835713113460e-01
3.105257582048499554e-01
7.143992110166319520e-02
2.927740163914030469e-01
2.452480335379450815e-01
8.786560180925686581e-01
1.420841881753373670e+00
-1.613329720350942909e+00
3.660418664029445046e-01
-1.675215830365129221e+00
1.336573311390403251e-01
-4.390059445898677914e+00
-6.923405392672998815e-01
-3.040987659363023066e-01
1.704499640006444383e-01
4.903381468556998191e-01
7.929810691569132430e-01
1.059293268632389706e+00
6.800312360085736252e-01
3.190721806558132201e-01
1.514600086864138218e-01
-4.017785072014107839e-01
4.439042104146504464e-01
9.481144741154215461e-02
3.594026052239347457e-01
5.928450412441712558e-01
8.480955990914926801e-01
2.700919658893643494e-01
4.884179147137729937e-01
1.244403462582432812e-01
-4.107371797586434781e+00
3.567634498114520269e-01
-2.737121073802351034e+00
-8.576623096371482902e-02
-4.203078519139865854e+00
-4.196225839544312497e-01
-7.234255638621873707e-01
5.389647671967432441e-01
7.187348503435413427e-01
2.223561117662864184e-01
-4.543611100267906266e+00
1.319731870463318746e-01
6.557089482333873509e-02
-3.977360993429695513e-01
-6.386218771082398382e-02
1.311046750621580048e-01
5.203161549915789191e-02
3.250143915067087441e-01
6.449040110843522466e-01
8.951426500319210611e-01
-4.540958156502198584e+00
-1.887295238454302249e+00
-1.639454195746330445e+00
-5.507808410734128524e-01
-4.887311927081606555e+00
-7.320629224378201183e-01
8.677655575227470885e-01
-4.231346027339259130e+00
5.491163651826204140e-01
-7.664108445296911876e-02
4.038389474739620955e-01
9.499695722769981865e-01
5.549514434566606980e-01
1.037377591686867051e+00
4.584374228025712983e-02
8.300694689088272682e-01
-1.148743909709773137e+00
-2.567113494956692055e+00
6.208017441765666389e-01
8.451591100896641562e-01
6.679243013122708739e-01
8.321533675157356535e-01
4.769302886060511892e-01
5.832376248733455171e-01
-3.517280148441795373e-01
-4.284770421283581321e-01
-4.305523580074255285e-01
6.689768787677307094e-01
8.742532327054569619e-01
3.098298138369072752e-01
7.451754967266801533e-01
1.324427303823440205e+00
-3.962728725707316269e+00
-2.340244006247138853e-01
4.463829812258457985e-01
-1.630219678524728932e+00
4.030335241128328860e-01
4.488807675868909941e-01
-5.216171049207632748e+00
1.173086234096373665e-01
-5.018582376734349176e-02
9.170910424979930031e-01
6.021185785550512426e-01
8.002102787801768091e-01
-1.685841755521312546e+00
-5.136780432433711852e+00
-4.136897997807268190e+00
-7.568229346140624703e-01
2.417718377027278098e-01
7.922739822111525276e-01
4.749527693288361219e-01
6.055210323187455446e-01
5.503379067326191754e-01
-3.830947999891260114e+00
-5.082835434415020615e+00
6.265739725459225085e-01
7.488297094542505361e-01
8.587022473594344563e-01
2.216065628789355146e-01
2.803444781872660996e-01
-2.031660666872274312e+00
8.467451089375860329e-01
-4.512663260247045532e-02
-4.378224934589526329e-01
2.543763737389930293e-02
4.273305199826751832e-01
9.824247197427813383e-01
7.255853526898128347e-01
7.183865988158997240e-01
9.124258729668555112e-01
-1.369274436616846613e-01
-1.079042401559102415e-01
7.495099102159268334e-01
7.109616905476059401e-01
5.731774844374960542e-01
-9.847572552159397086e-01
9.323535670911115014e-02
-1.778726753065663635e+00
1.591209785052144499e-01
5.177608157140386469e-01
9.442992891571083680e-01
-8.598723289118287427e-01
6.102317071369472989e-01
-4.614051358238923761e+00
-1.467302721685767253e+00
7.917415921028232717e-02
5.775271794252506696e-01
1.106669918199136626e+00
8.225168738815721303e-01
6.614784423500966737e-01
-1.771967971770916694e+00
1.140254930637941422e-01
-4.772866161317655731e+00
-9.377704323751316906e-01
2.690607430373084807e-01
5.522348738269233781e-01
9.390249721838382913e-01
-1.490939123101381103e+00
1.550473502959829053e-01
9.699777235939614772e-02
-4.802572443251303391e-01
-3.266877734954832246e-01
3.155982694072227424e-01
-3.718866434743660632e-01
2.993045070898132654e-01
4.065605728686368936e-01
1.132189148311270266e+00
-1.611930679501719199e+00
-2.150713916147631188e+00
6.848095161007532461e-01
9.015584328686320204e-01
6.759834050740670675e-01
-2.243712999464998470e-01
2.999095246889577626e-01
-4.649621126113205882e+00
2.154335819479717418e-01
9.173954373775115023e-01
1.127406625103424265e+00
1.092892325550402166e+00
5.456573027253192043e-01
9.822226510208108552e-01
-2.540396457696225130e-01
-4.143558114495455302e-01
9.414413044359006832e-01
-4.738143809017474339e+00
1.153540461026634212e+00
-3.887376983142418196e-01
-1.406033357283854812e+00
-4.223498965545071648e-01
-4.902444078286896989e+00
-1.661883464346809891e+00
5.987531762494958665e-01
2.029727054156211519e-01
-1.441471387281791361e-01
3.807009013705877493e-02
-1.697329199952513079e-01
-2.096836989188536060e-01
9.732012200127104773e-01
7.562118829697226374e-01
1.030756273060110528e+00
7.322266164089655804e-01
5.711746709202267791e-01
-1.763721246810568549e-02
7.932957802725203178e-02
-3.816305733219039098e+00
6.626501258768927594e-01
-1.467952949720468858e+00
7.198380895048402950e-01
-4.814185820692329365e+00
-5.539464751970502032e-02
-1.643363488079553791e+00
-7.550828138659682054e-02
-4.243496741821696006e+00
-3.619123395958291578e+00
-6.459263396472765262e-01
-1.823704948556941208e+00
-3.412192587620525158e-02
-2.150766395783944684e+00
1.489272368185170503e-01
3.421311689574954018e-01
-1.378478792614347970e-01
1.066248555416604848e-01
2.095280429835393032e-01
3.107674904213869049e-01
3.419464164793783456e-01
1.379765668335666273e+00
-9.116114431290295306e-01
7.854780424634377756e-01
1.087807144309036023e+00
5.361078414360114230e-01
8.216654139034815785e-01
6.791671194461296190e-01
-1.975680640554154932e-01
-4.169014788540378547e+00
-1.938508705446473357e-01
5.188036755904110731e-01
-9.932583707667412831e-01
6.128574943497100413e-01
-1.552769330046869234e+00
-6.636912124127785084e-01
-1.043967840571580069e-01
-6.741345717191105091e-01
-2.130172635876127707e+00
-6.813533910975526631e+00
-6.221234209860204700e+00
-7.785165476479230406e+00
-3.050727657492813272e+00
-8.133045634377902289e+00
-5.795288941292191076e+00
-5.583546783619169673e+00
-8.849170725774355262e+00
-4.503841318419328665e+00
-8.240204613727078353e+00
-6.835525404815664174e+00
-6.374794865449993964e+00
-6.169439507209131257e+00
-1.089729973618268133e+01
-6.906249407956914332e+00
-9.429787649929769699e+00
-8.595811128524085021e+00
-7.487875135568899942e+00
-5.668703939964322203e+00
-9.604734302369669408e+00
-3.641213267209180593e+00
-6.207542672878224366e+00
-4.613360487550395739e+00
-1.198086220365299503e+01
-4.727834194054768346e+00
-8.928711330353349851e+00
-6.579447285344538265e+00
-1.097394728217367543e+01
-8.040343142446478852e-01
-7.937140822739430224e-01
-5.395166952430130447e-01
-8.124328262337253692e-01
-3.332181086357887678e-01
-5.098773316259220811e-01
-2.960777313869483729e-01
5.999696633872073082e-02
-6.466938974830394926e+00
-2.726784048086742906e+00
-2.693657114200943781e+00
-4.344500918910316756e+00
-8.659728717608746962e+00
-5.066267181645725870e+00
-1.164944892096931106e+01
-2.611199827124132788e+00
-5.075764471260754362e+00
-8.184134567683676309e+00
-7.957167792498405667e+00
-7.232564786331411311e-01
-8.751640846197739521e+00
-8.472297010983552923e+00
-6.085337486094787529e+00
-7.434441289010360165e+00
-8.877476872394053586e+00
-8.276534322792304721e+00
-5.084601625129760549e+00
-4.557168380830280974e+00
-2.032743077418531108e+00
-3.302925220916796523e+00
-1.196555932297738778e+01
-7.847446439443591659e-01
-1.322364332790393338e+00
-8.766480365957906029e-01
-7.546122300099554758e-01
-1.122098213010327195e+00
-7.949046191373104753e-01
-4.516353713225861877e-01
2.989372076102945752e-01
-1.079648201660915419e+01
-4.536816213065627323e+00
-4.107447029996953880e+00
-8.476476075626447892e-01
-3.711224701976112428e+00
-2.835611370973861067e+00
-1.004157180205007016e+01
-6.479898717108253159e+00
-8.704705914737155936e+00
-1.651718533988768334e+00
-1.748423922181376877e+00
-1.751095548608701424e+00
-9.968767791963069058e+00
-3.044135960856981349e+00
-5.759048989200225677e+00
-6.731587749621078309e+00
-2.025614517098913492e+00
-1.734395115100385354e+00
-6.064193506982960002e+00
-1.902279059684901519e+00
-7.046261139676913920e+00
-5.959393374034463342e+00
-4.535676868758057978e+00
-7.152747034376007562e+00
-8.638637972234575191e-01
-1.030816272689851321e+00
-1.126093358345349849e+00
-1.087897827867890799e+00
-1.223223009774555337e+00
-8.450391180169697369e-01
-5.271807406883949332e-01
2.107717250217482075e-01
-7.217683901017083237e+00
-4.830854394775760952e+00
-2.986380330579074371e+00
-7.780336011333937485e+00
-7.530227519698606820e+00
-7.353845978841186515e+00
-6.076561099045894920e+00
-6.288348987802543810e+00
-1.087912207757354421e+00
-1.365928368434756734e+00
-1.921451247061446876e+00
-1.787537235257216972e+00
-2.236423478115149077e+00
-7.295795655295231441e+00
-1.207984086393767420e+01
-4.558078021272131686e+00
-9.788621392241402264e-01
-7.538876894303082610e-01
-2.461009025895867008e+00
-6.451024477569240467e+00
-1.039030845375175316e+00
-8.673595617413161207e+00
-8.956160636198097436e+00
-5.272467463411683042e+00
-7.091751872748486285e+00
-1.468100600709425052e+00
-2.802476257673446103e+00
-2.614862406372806092e+00
-1.048231551039188192e+00
-1.089079240558866291e+00
-1.331696523600826243e+00
-1.477984459562981856e+00
-1.446437119861439635e+00
-6.608316413076552598e-01
-2.634851143012766350e-01
6.909139719711567817e-01
-3.821877978475694437e+00
-2.486653171121576911e+00
-2.483393108383256553e+00
-7.039369140093947763e+00
-2.853830833546948220e+00
-4.342352236005541322e+00
-5.465178982267332231e+00
-7.455142174262736177e+00
-5.081552670234225744e+00
-1.121350021865473146e+01
-6.966552403643135882e+00
-8.049049366187024934e-02
-3.450920639728449313e+00
-5.546757206562295650e+00
-9.130091403647114134e+00
-2.604997534476862775e+00
-1.210913086608534694e+00
-3.897034675074099841e+00
-8.490823100397726364e-01
-5.165074324911846482e+00
-5.254657540888501011e+00
-2.230109668689118863e+00
-1.304464279358316992e+00
-4.175522891243668155e+00
-7.911745052484113749e+00
-4.752409976964987237e+00
-9.718960678686354271e+00
-5.814260171929110932e+00
-7.133827390082230213e-01
-1.006455657786817559e+00
-1.189443767530353746e+00
-1.452412265087101195e+00
-1.680428977319410766e+00
-6.266279617701911997e-01
-6.877591079846649968e-01
4.734526534185288238e-01
-1.146726616422014189e+01
-7.441149943548079015e+00
-6.338144883912411487e+00
-3.029670784091754498e+00
-1.677104085037834702e+00
-8.528558103641795896e+00
-1.785666221458664937e+00
-2.275598909015030369e+00
-1.621382427542927385e+00
-1.755041823640631327e+00
-1.426253514331776051e+00
-2.570919967934451655e+00
-1.374633456044621838e+00
-2.761185049412524517e+00
-2.054892241016025967e+00
-1.970859661227160275e+00
-7.573768530191454573e+00
-5.035615249976454599e+00
-7.486371673429876417e+00
-6.565769193595981434e+00
-2.765485416913008088e+00
-4.907917967802263526e+00
-5.543460456673872550e+00
-5.237709893210723777e+00
-1.177856215447653732e+00
-1.347090199432003255e+00
-1.480595852476705110e+00
-1.351240685730404234e+00
-1.548196709216622668e+00
-7.211232584563256331e-01
-3.482719677948553638e-01
3.237651644735388690e-01
-3.664936981170344055e+00
-2.660112825967286820e+00
-5.563993875379899201e+00
-6.534884523953416569e+00
-3.965608856420183681e+00
-8.344094441191952427e+00
-1.317386317732422985e+00
-5.571147241725813437e+00
-2.337782666079330163e+00
-2.529334715608566597e+00
-2.266062999192843375e+00
-6.641974196502090422e+00
-3.569791504620646538e+00
-5.535632580824195514e+00
-5.267796246423851692e+00
-1.046779338991355957e+01
-7.583141825505540723e+00
-6.179687660178397657e+00
-9.128598412857182876e-01
-1.095025346063339011e+00
-1.296476076187919046e+00
-1.241811964418249037e+00
-1.454306125950900030e+00
-8.931720209327678184e-01
-2.953413124623712749e-01
2.939401199688285171e-01
-6.437021812528793241e+00
-5.045283221460183043e+00
-9.893354804356489396e+00
-3.820413394768529702e+00
-9.301416914240862255e+00
-5.490097198279854318e+00
-9.483306026636926234e+00
-4.620193090779449285e+00
-1.189987089783451957e+01
-6.152642825746003297e+00
-1.260221706302897759e+00
-3.110936690144247230e+00
-4.107113325067414777e+00
-4.653890822905815128e+00
-7.086790939505907438e+00
-1.932345551557597574e+00
-6.189739402652369993e-01
-3.172655576130985811e+00
-3.173944904596765149e+00
-4.578765812927526824e+00
-5.267154391761551535e-01
-9.730398731089762165e-01
-1.068094866941077248e+00
-1.340975681569256617e+00
-9.802109145344763963e-01
-6.363117349116375054e-01
-2.327976776321292185e-01
2.224367964829317423e-01
-4.109301151270880581e+00
-1.042514142338762717e+01
-3.493897556717604047e+00
-5.517015535571204055e+00
-5.386326462734181142e+00
-1.338756972737383855e+01
-1.031858039953671380e+01
-4.025018224119953913e+00
-5.297919392695998653e+00
-2.504360733507363435e+00
-1.108282978928230467e+00
-1.131713917400353964e+01
-2.274215068067291678e+00
-5.164644863279858278e+00
-4.538023634736198630e+00
-5.550186534849449238e+00
-5.337492811216807631e+00
-1.454701798915350341e+00
-7.651352492440861575e+00
-3.889980498623273331e+00
-8.971312416021964609e+00
-1.578238287353014302e-01
-2.152516426603544364e+00
-7.414431176572063187e+00
-6.699475506164730199e+00
-6.444034908784685101e+00
-2.119375266450281625e+00
-5.385568419190025935e+00
-6.734938923998501359e-01
-6.006591723653015968e+00
-7.937553980864540115e+00
-7.840852964433354444e+00
3.453904621965734334e-01
-8.885259833330027002e-01
-2.690231479835635486e+00
-1.868350829875080388e+00
-9.736839425626556022e+00
-1.828674900887074239e-01
-6.692918912470470216e-01
-8.937715906960886914e-01
-4.665473280542767220e+00
-1.685457249495060816e+00
-5.584223239587498000e+00
-3.237906576678294956e-01
-6.079017592953842586e-01
-5.557389275957776320e+00
-7.305131700027532204e+00
-7.858559559942768225e+00
-5.475757836559271396e+00
-3.487621645592446029e+00
-4.577651806385058642e+00
-9.725838593374398489e-01
-6.958931813008521594e+00
-9.383528668053257249e+00
-1.825793688904992607e+00
-8.298539921912967410e-01
-1.138693043736409827e+01
-1.388196495850434253e+00
-2.542953429039788826e+00
-6.749199699484265125e+00
-6.219271944604712665e+00
-2.287337497561442667e+00
3.354796401837044362e-02
-6.419908629645852960e-01
-4.260037792804139301e+00
-1.625878420868456908e+00
-5.174703209525605141e-02
-2.417531491764724205e-01
-1.334054164716544699e+00
-1.760506328042092061e+00
-2.763764545788326976e-01
-1.153390220340150485e+00
-9.237461159697651913e-02
-1.275358351153367709e+00
-4.857839332765816476e-01
-1.521326780081964092e+00
-1.738078106058197125e+00
-4.497859974987334475e+00
-3.135037098755951046e+00
-1.426499202494671659e+00
-8.370153983681712928e-01
-4.728185133531422335e-01
-5.533969840320402511e+00
-3.041870296715365463e+00
-4.609179767825175134e+00
-4.743350636287273936e+00
-8.325369516820774196e-01
-5.352273928947727910e+00
-1.356606329123002386e+00
-1.032341364484515633e+00
-1.858875791790605803e+00
-1.890703252716887217e+00
-5.107993865623638108e+00
-4.031591537818284721e+00
-1.941900886663867176e+00
-1.558409242558455254e+00
-7.979804295472241460e-01
-5.718143211758358602e-01
-6.892955859148632847e-01
-3.747237809818562693e-01
-2.281988282234421739e+00
-5.323552830551757653e-01
-7.198373084922341514e-01
-1.153325424959324552e+00
-1.331774589521284469e+00
-1.305581975590021093e+00
-4.777217043335038937e+00
-8.616220963508313124e-01
-1.971210473589028567e+00
-1.107237251694771718e+00
-2.454044101372612641e+00
-8.001299490483764210e-01
-2.605948558339912680e+00
-7.295534632104573980e+00
-1.253154777546835907e+00
-9.692339440564865516e-01
-5.140339398078014099e+00
-4.495925243675556793e+00
-1.043862577544508285e+00
-2.111755056432292665e+00
-6.715012225823526748e+00
-3.641905946622490120e+00
-1.056939483492278287e+00
-7.381146117315018351e-01
-4.550454169764734935e-01
-3.204486578154155940e-01
-3.858090999739107740e+00
4.678933890339348478e-02
-4.176361055993313087e+00
-1.007517274939366825e+00
-4.171617984445732397e+00
-7.233942396060911717e-01
-3.147020941553271278e+00
-7.443906040395101842e-01
-5.855043856180291995e-01
-5.373870153148408990e-01
-7.091520033170302106e-01
-5.359040920840219435e+00
-1.294244235537909682e-01
-5.554765904436258062e+00
-2.316756051302124031e-01
-1.131927240319040795e+00
-4.832693525939583346e+00
-4.561486384895004242e+00
-1.623035859931857505e+00
-8.822152329591202990e-01
-1.622883583055127144e+00
-9.140233844097258142e+00
-8.679596604162769680e+00
-1.982553413232061912e+00
-4.230593232605251997e-01
-4.752508033975447077e+00
-9.037259614693635146e-02
-6.834644984404196766e-01
3.956176819367081543e-01
-4.399587164788403282e-01
-1.785956331968102218e+00
1.589146008153815293e-01
-9.383007153366614006e-02
-5.155342398294287420e+00
-3.488044664880699530e-01
-2.675538084783290582e+00
-8.986209959137938519e-01
-2.949655754634685767e-01
-2.275271862842497050e+00
-6.029048581085026726e+00
8.033159666804721988e-02
-4.368431780913632601e+00
-4.841660527839705352e+00
-4.877705410993391499e-01
-6.516828368508658542e+00
-8.995362462549396199e+00
-5.590683303729671927e+00
7.344322328791898224e-02
-3.492426118212861308e+00
-5.059491371874424992e+00
1.560605308357013998e-01
-3.759424796130281354e+00
-1.976410413864934323e+00
2.493716681783219591e-01
-5.988209884256661120e+00
3.284017167027758477e-01
-5.012842826558665976e+00
-3.824100429002071699e+00
-2.734245084683939453e+00
-4.484905777776292957e-01
-2.016374585327727065e+00
-5.872708678999772225e+00
-5.660794031307249341e+00
-4.831198969315168235e+00
-2.483493609961760384e+00
-4.826602969089374362e+00
-4.403760858406530865e+00
1.050544251995644968e-01
-6.441126395885106604e+00
-4.740119847931454800e+00
-4.019575742242197158e+00
-1.634954225210912826e+00
-4.855818158270643004e+00
-5.663410984479327892e-01
-2.283628780398415881e+00
-4.374294781500308815e+00
-3.315625024453200398e-01
-4.416290717463237314e+00
-4.750641783715834343e+00
-4.738073068213162209e+00
-6.988777900892882755e+00
-1.524913957892495064e+00
-1.455407617638581952e+00
-4.739887093051277089e-01
-9.596406332015829932e-01
-6.572767316244279012e-01
4.258590867727513052e-01
-1.518325205092869501e+00
-2.171699367664562175e+00
-2.102346975792246830e+00
-1.408561640577618457e+00
6.000034410500685311e-01
4.071893040932110797e-01
-1.388313321674804035e+00
-1.193094470186126105e-01
-9.258456012075059194e-01
-4.603929893328537748e-01
3.731659541025262317e-01
8.218896286194127265e-01
-5.879159769039239425e-01
2.938720432805886143e-02
-4.704577700545047314e-01
1.414783538383282135e-01
6.108322611372614119e-01
5.788274043997706508e-01
1.210307279982152789e-01
2.546901971089232664e-01
1.203749516594586760e-01
1.489313944572559223e-01
6.390510912374829378e-01
1.662845608881986792e-01
-1.984484397744409323e+00
-4.394503168043504826e-01
-1.166357680082865445e+00
-5.053560958405358683e-01
6.824503199577607315e-01
8.642649837499519760e-01
-6.950056117436402836e+00
-3.028108880991758678e+00
-4.848527688090836563e+00
-1.113460375012889914e-01
4.367559475616433207e-01
8.431835851052764674e-01
-8.919132630421378050e-01
-2.217125696124656820e+00
-4.806308871107803360e-01
-5.316371160364386839e+00
-5.485100087110044598e+00
1.620852813331118969e-01
-6.622512957429528280e-01
-1.039553961674356319e+00
-9.135013482550552455e-01
-1.152184130544858798e+00
-7.628205365647841019e-01
-5.149789515505132087e-01
-6.488465226151386434e-01
3.776873567506207341e-02
-3.023532563230822423e-01
6.563183010956858965e-01
7.865344244739510549e-01
-2.864318501355665347e+00
-5.200705730179836506e-01
4.021734878406376112e-01
8.657858085550139693e-01
1.145754122838631206e+00
-2.120884761053108747e+00
5.048624510040393698e-01
-2.820971387969249955e-01
-2.705145177948786728e-01
-5.952947784819502264e-01
7.014730274379069597e-01
1.425310568496860109e+00
-7.421263939712960944e-01
3.203272503119874437e-01
-2.097390160267167847e+00
-2.388293621652843424e+00
-4.853882837526382610e-01
-1.596282255982061082e+00
8.916600005813127838e-01
-6.743654269454810724e-01
-2.697199586417544648e+00
-2.917896913677386905e-02
-1.410646267996327641e+00
-2.450645005256057551e+00
1.798557219395988949e-01
3.699441599903801614e-01
-8.205329147014910340e-01
-3.385610396830475821e+00
-1.052352398331260375e+00
-4.612336416428576946e+00
-6.964330446506443728e-01
-1.023645747270540696e+00
-4.843792455378633788e-01
8.633030852284949708e-01
-1.093261926582457688e+00
-1.023467722317948514e+01
-8.569518899358150588e-01
-7.920364249390037248e-01
-2.552188689837086688e+00
-9.002988002305444271e-01
-1.678874780498194719e+00
6.383912859504307091e-01
-6.931000346794982114e-01
-6.216802468127489156e+00
-1.809662840692503938e+00
-5.396458818326432372e+00
-5.276786563066455216e+00
-5.257773343477139427e+00
2.432688929961293045e-01
-5.146967177973287733e+00
-2.170624495697897061e+00
-6.408896494982308845e+00
2.700996192136619900e-01
-1.128023654835741629e+00
-1.395941131795887635e+00
-1.148663026474662230e+00
-1.469747824546296489e+00
-1.279595979953954465e+00
-6.148578445150183480e-01
-6.791076973478383794e-01
-1.424470024196749229e-01
-8.308627712886593741e+00
-4.854791898956639429e+00
-3.986143028197613458e-01
-6.343769654223502252e-01
1.239960718532951756e+00
-2.845179413783829325e-01
6.649978813947332590e-01
4.483046715772315838e-01
-9.048130163619251265e-01
-5.377028084883374026e-01
6.159946409468588513e-01
1.360927488387148943e+00
1.084203967620586573e+00
-1.075175266099073594e-03
-2.327601409683142594e-02
-7.949689414352708594e-01
-2.738861718702676917e+00
6.589021024177216246e-01
7.892098158182404566e-01
2.253648812827631909e-01
-1.297688692019571155e+00
-1.921285613820312710e+00
-1.926457685572371625e+00
-3.092852450758502014e-01
4.581834034574364112e-01
5.577778541213650465e-01
-1.273848525447762448e-01
-8.680906979679348101e-01
-1.628295582755825199e+00
-9.312312294539632163e+00
-1.822982107399080398e+00
-5.012015592441028566e+00
1.719957778948102284e-02
7.249672724014008529e-02
2.576974367240543184e-01
-7.048842020387373175e+00
-2.649025022034142030e+00
-4.272422817878848811e+00
3.753226032230181364e-01
5.465014374479535419e-01
-3.703304621653863205e+00
4.028488863800183672e-02
-4.659354987906494827e+00
-8.050058684813170551e-01
3.776633552976862984e-01
-5.584886158622282437e+00
-5.141073923122459810e+00
-5.508885743815137737e+00
1.336129967311114330e-01
-1.053692491157663946e+00
-1.233195020708075296e+00
-1.303185298153626270e+00
-1.533752791623820722e+00
-1.582354632673651285e+00
-8.484643492745334026e-01
-6.280288532443496496e-01
6.064948619259663554e-01
-2.544632888066851173e+00
-1.089843959108392379e+00
-3.442339471102002779e+00
2.166508152074795301e-01
3.426495444064712181e-01
7.724906202447447967e-01
-2.209131857120496090e+00
-2.527653079868815045e+00
-2.509599308035566079e+00
-2.066035076005232618e+00
-3.097955995573942745e-01
3.129241918420846424e-01
4.948142399291092230e-01
1.678097328235956254e-01
1.628005529108479676e-01
6.133731750707623886e-01
-1.841666911423331943e-01
-9.610048018490036092e-02
6.498869359145218461e-01
8.760242609418007476e-01
1.002010846153936541e+00
-1.588608902420042046e+00
1.951776336585256399e-01
-2.897506940822441202e+00
1.379944722828407022e-01
-8.985682773298271364e-01
6.248052986517962371e-01
5.700132529237876833e-01
-5.522468668252820123e-01
-1.625078759758759595e-01
-4.822727038250922860e+00
-6.978692461052974139e+00
-5.292596831121494372e-01
3.564812925770020069e-01
6.112108465765551113e-01
-1.973732112098013358e-01
1.594010249212604868e-01
-1.456225270922663295e+00
-1.183012366455328923e+00
-1.172705384227168190e+00
-9.638614451316188658e-01
7.232939557188692303e-01
5.669669869496147818e-01
-2.422026792495998393e+00
-4.509670994537209321e-01
-6.456578853885018177e+00
-6.860472879942296487e+00
-5.008476917267232764e-01
-2.800063475919687406e-01
4.891157353448459255e-01
-7.422861279531169032e+00
-4.187833714578417244e+00
6.229198452557255239e-01
-1.218096340615247186e+00
-1.399346757704249544e+00
-1.245243197647886157e+00
-1.678217400657324720e+00
-1.267116931793368373e+00
-1.080804357021773354e+00
-2.350390369523816525e-01
3.411784066840709007e-01
-6.711479990098191628e+00
-2.351903726946876105e+00
-7.059948425985701492e-01
-1.173605019509680769e+00
-5.744477604687007188e-01
1.220628951438959886e+00
-8.020430922218266812e-01
-1.156563514690774452e+00
-4.750476618160258901e+00
-1.117226053582732526e+00
-3.960303749134410495e-02
7.108727428229218992e-01
-5.123075916086131443e+00
-3.601438396109724049e-01
-1.688472742839118856e+00
-6.859719690444745499e-01
-5.479284715828378616e-01
-3.338987017980017402e-01
5.023467619655124228e-01
-1.603616897133971486e-01
8.254063468981307494e-01
1.837380857161776682e-01
4.297248331204511218e-01
9.009926926672185976e-01
9.546943340184257387e-01
1.033649034779034803e+00
8.720741360377103346e-01
6.307448772181449836e-01
-2.011893102548231838e+00
-9.733372819986897406e-01
-4.617713940325829380e-01
-3.908306987057655335e-01
-2.261368645262641641e-01
6.345734948565014966e-01
2.976019275324729985e-01
-3.531638496651203774e-01
-3.792713522387723746e+00
-5.579778256260381486e-01
-3.104153467298211289e-01
-9.150752134811525051e-01
-1.420582080911229950e+00
-3.915442599935546608e-02
3.809459627261949644e-01
-8.361933277756081195e-02
-2.691481236260806487e+00
-7.958376647070339871e-01
-1.731238254264155119e+00
-2.362753163643133369e+00
-7.377081318550231526e-01
-1.453095628189799982e+00
-1.021407907326970371e-01
-7.598222052810903016e+00
-6.133833066267874834e+00
-8.634228630857821329e+00
-5.806501729233316311e+00
-4.066728974947523056e+00
-1.067138521776419990e+00
5.550117786817282406e-01
-1.137964484745405125e+00
-1.488563260158222823e+00
-1.346435349694407702e+00
-1.347610183455876909e+00
-1.665484004446782906e+00
-1.049519137611566899e+00
-5.010068540800719505e-01
4.832111873314987038e-01
-3.706747624362648708e+00
-4.549020158920208168e+00
-1.920714112683010288e+00
-5.672712679803926683e+00
-3.049792774057039635e-01
9.310100699471779429e-01
-3.103186469015977167e+00
-1.618913586323633691e+00
-4.990623126398499920e+00
-1.778229607741015794e+00
6.464139403901787706e-02
4.037452042989931322e-01
-7.820169637118385975e-01
-2.746187062494649389e+00
-1.381303159711336992e+00
-2.206822511254578956e+00
-4.791535086758093309e-04
1.364344209030655952e-01
-1.065159592087925322e-01
-5.723784490730890795e+00
-7.800540361792944744e-01
-1.060983350169655948e+00
-5.955487605202990364e-01
-4.311270350687249064e-01
2.787795547045539557e-01
2.401084664506175637e-01
3.508576059719720197e-02
6.033693923385136104e-01
1.171057445952945059e-01
7.435366406537871065e-01
8.508566053377779603e-01
8.258488869031060942e-01
8.215010287179768111e-01
7.954036827693335976e-01
8.516075189695939684e-01
-3.880396018717696682e-01
-3.728243886042752475e+00
-6.317813392731385091e-01
-7.654143940862440099e-01
2.853000117240070410e-01
3.564960492428994598e-01
4.692579778873206542e-01
-9.187653536730209680e+00
-7.618445418815070758e-01
-3.783999230741350028e-01
-1.825409089391513806e+00
-4.565000861281501843e-01
-2.255575985153568386e-01
7.947662511681671260e-01
-3.393614632739836434e-01
-2.232654375685729775e+00
-4.163485655296626398e+00
-1.632689229714147094e+00
4.867787971680999082e-01
-1.085371651176015417e+00
-1.246000949261935276e+00
-1.519581475015006733e+00
-1.501182525620517572e+00
-1.380616174828354970e+00
-5.681552518369509253e-01
-5.442166039211513429e-01
4.905605902792638529e-01
-5.723511520921609197e+00
-5.858231438069547714e+00
-5.456495906005571328e+00
-4.402181895294288161e+00
-5.036615157146660415e+00
2.501428192758802793e-01
-9.983869320599177977e-01
-3.503036416896494476e+00
-2.735302995054806341e-01
-1.943887601420015432e-01
-1.469266369318956489e+00
-1.236910003927808255e+00
-3.201936656805516535e+00
-2.169021215646345091e+00
-7.264549547899158410e-01
7.477869883486744085e-01
-5.144166881798312163e-01
-6.176934236854451088e-01
-7.929801407867689278e+00
-1.037185086382118149e+00
-7.047321414582506938e-01
9.653963628828278465e-02
7.324253165066861859e-01
-9.558122429930133723e-01
-1.093038771252665908e+00
-2.472366789060185255e+00
-3.609075532895106853e-01
1.220070214190595442e-01
-2.613898116108535064e-01
2.758048918176748132e-01
-8.343154708007379794e-01
-1.007611111604346799e-01
5.549668132475947813e-01
1.073498304541185000e+00
-1.655477376984654525e-01
5.107238701896307242e-01
9.822247264795570532e-01
8.794116926083348496e-01
8.357289918280340624e-01
-7.464290487557979858e+00
-5.928505589255710362e-01
-1.799774524472258497e+00
-2.381515891527139051e+00
-7.754830797358372996e-01
2.112743388290519997e-01
-2.683913212000783033e-01
2.850131705650132963e-01
-9.241192127004556056e+00
-5.253411567017226780e+00
-2.832181970770399460e+00
-1.138412622850249800e+00
-3.020139852113301604e-01
-2.197415002534562234e+00
4.910374232857301902e-01
-9.006594213737412202e-01
-8.694012720635050373e-01
-1.389820422531299782e+00
-1.513969786614975499e+00
-1.626933193450991411e+00
-1.025875056472058233e+00
-1.506937922146619480e-01
2.302838302778217189e-02
-7.656705187185623984e+00
-2.836988418580408400e+00
-4.583727473375538430e+00
-7.101004869719252710e+00
-6.425757357414659587e+00
6.841093175339073573e-01
-4.713289242534798085e+00
-1.026741749517755053e+01
-4.831189841550222575e+00
-1.525839932596801729e+00
3.033249839189344210e-01
-1.484693571452739835e+00
-4.968495297143018519e+00
-1.990708615900183664e+00
-4.552242152265992381e+00
5.746387891519948443e-01
-6.220942117596130139e+00
-1.928622487336224989e+00
-3.139311612366066040e+00
-4.897012466649390383e+00
5.664655517443544230e-01
-1.185932399794685510e-01
8.527740370766994094e-01
-1.579842300813259826e+00
-2.168454729469273978e+00
-5.652112763337693163e-02
4.692902144240574946e-01
-2.738959899666363884e-01
6.359723331251597722e-01
-2.888344523400869335e+00
1.720092459152121334e-02
-5.161653567323246650e-01
-4.221138973214432211e-01
-2.354608170397293754e-01
7.036001929071959982e-01
7.450895119707874326e-01
3.814532302501688621e-01
-3.184224782305580703e+00
9.982244521767295042e-01
5.403316742857652288e-01
-7.670666781214157126e-01
-2.504020795730925730e-01
1.141746469463259084e+00
7.870201088317447802e-01
1.402803235227166878e+00
-2.879877682428905405e+00
-3.626826993244032682e+00
-4.157155595795055669e-01
-6.842615229671460408e-01
5.994095150780239800e-01
-3.895750170279184132e-01
-1.052002820344168477e+00
-1.232615371858563069e+00
-1.199497861533446841e+00
-1.382144785929876996e+00
-1.035358193653075354e+00
-8.600217818734675612e-01
-9.462724349657482270e-02
-2.535777707419553106e-01
-9.360515052173578709e+00
-4.461296233924752386e+00
7.325480665364149102e-01
-7.120619181526578245e+00
-4.348199429861264953e+00
4.827968527887780414e-01
-2.161079796569028044e+00
-1.487668101038838397e+00
-3.140561632214362131e+00
-9.656262579442952187e+00
-7.948260070081631490e+00
1.004277949753161481e-01
-2.197006583554871995e+00
-2.377265303392342766e+00
-1.117146095067918177e+00
-4.965931247563610818e+00
-8.038191665182862211e-01
-1.303961487477185655e+00
-2.504113439954639975e-01
-5.740969799483434111e-01
-6.103247989905403514e+00
-4.901011863991046602e-01
-1.973867080013567588e+00
-1.497833539395417635e+00
-1.304830554626919659e+00
-3.415256582521373208e-01
-7.225813101226760127e-01
-5.767832130592164264e-01
-7.200162789445501144e-01
-4.982415522071528130e-02
-6.594028321460152497e-01
-3.191065015783125514e-01
4.047517862857217263e-01
2.478223078416907088e-01
-5.029502355583261863e-01
-2.623499917974027706e+00
1.090952002850790054e-01
-2.120059213212572291e-01
2.249137774618761854e-02
-1.780375094956775789e-02
5.426286826057209467e-01
2.542082128017438269e-01
-5.318190067394212850e-01
-8.377521906573415222e+00
6.917778915611501045e-01
1.209645189638923896e-01
-2.913911517789599670e-01
-3.509073358291800449e-01
4.410422816492797216e-01
-6.048781007798681442e-01
1.236749533863770178e+00
-4.767473681223557413e-01
-6.589779120185451644e-01
2.238445300406677330e-01
-3.755533906166115821e-01
1.418121578714363340e-01
9.070860130705100666e-01
5.245314415487629667e-01
8.298820909283249891e-01
7.893137898996671620e-01
1.685810760075963088e-01
2.168640194741575378e-01
9.057005189066316339e-03
-7.707364490163136628e-01
-8.647701860207013258e-01
-7.074391984735293182e-01
-4.411442449603489857e-01
-7.825007225947855360e-01
-3.647988559442420092e-02
-2.380947450237005936e-01
7.420619484952980516e-01
-1.375933562290920786e-01
-1.802827315328513202e-01
-1.785790894386100891e-01
-3.282880404674313746e-01
1.483712996415463004e-01
9.487543204552569831e-01
-4.633335800753335398e-01
7.200639140779241387e-02
1.298955412123160014e-01
2.369143636383449214e-01
-7.417437012793411943e-01
-8.417079973099554913e-01
-6.320182548740108652e-01
-1.125790633321635648e+00
-1.040023871065938188e+00
3.911286775087353118e-01
6.830281455144159297e-01
-5.551321245747509181e-01
6.845274532494418501e-03
1.125609542056232454e-01
-2.242790444753889889e-01
-1.096067775945203104e-01
5.416591111677863113e-01
2.638701912716976405e-01
2.161585008873773139e-01
-1.673575162992920196e-01
-4.119950587067742198e-01
7.105031908228746917e-02
-4.467141470046284701e-01
-8.010384328875058690e-01
-1.194827804367991630e+00
-1.186939829376965294e+00
-1.232208602783134266e+00
-4.107662704108607787e-01
7.251989900607753725e-01
3.906650549861075405e-01
-4.213645228549636745e-01
9.562049719099627310e-02
4.158825400266409622e-02
-1.560918183082690425e-01
3.554271075563841809e-01
4.232746822284092492e-01
-1.100615068775399469e-01
-7.676203429722523730e-02
-1.223605308282554316e-01
4.747745545375122063e-03
-1.857806279565027419e-01
-6.826718872772937763e-01
-1.254580783792199172e+00
-1.468501475795534583e+00
-1.190986384981181478e+00
-2.894328736064257779e-01
4.955985139056418576e-01
1.847707919265983156e-01
-4.445597655759627176e-01
-2.369450084064833872e-01
1.177209795478200982e-01
3.193822353055797980e-01
5.684837500338152383e-01
1.591553255902731015e-02
-5.278211040962490497e-01
-2.742028122078623009e-01
-3.358760886400274925e-01
-1.085710698758729914e-01
-9.607053502752620489e-01
-4.987879228610191951e-01
-6.825800144474357678e-01
-9.892775499568670083e-01
-1.235684490140710245e+00
3.178080615818217880e-01
2.013081673898384910e-02
5.179557805810658389e-01
6.163500724177755075e-01
5.882897492691148422e-02
-1.430538372634459210e-01
6.273194142470926715e-02
-3.726125152673287477e-01
-2.996376175152708488e-01
6.018858885058387537e-02
-1.680268176207355968e-01
6.266118440017988400e-02
4.230679293853206735e-02
-7.590301859181021182e-01
-6.190419353319620566e-01
-7.742639401049298264e-01
-3.723672786916732980e-01
-6.822017244978899608e-01
7.524855671609294305e-02
3.196909100677823301e-01
7.648323012756764738e-01
-1.055853667179896954e-01
2.720568390182424579e-01
1.217650521961904792e-01
5.050245297165008029e-01
5.487400555680343323e-02
5.528656028708206494e-01
-3.126546156772486706e-01
-4.160987510307478238e-02
-2.041899848089249736e-01
-2.604588232129891878e-01
-3.832984187633053375e-01
-6.507516623812207301e-01
-1.430022277068687397e-01
-2.007223250444675755e-01
-4.691881588547298643e-01
7.082489818323828290e-01
5.762415461183255649e-01
6.797006425509810601e-01
4.212883914907645799e-01
3.386092899296408443e-01
2.079605610427855411e-01
2.139249631675410601e-01
