1.447383477225281156e+00
-4.596999854183849266e+00
-2.070891336641553782e+00
-3.231099457090270466e+00
-1.982897098900792798e+00
-2.559143862514947187e+00
-2.327654873850908857e+00
3.736417526650611109e-01
-5.001996281171844139e+00
1.009369281866685439e-02
-1.966217795025006598e+00
-2.147548398449991680e+00
-2.002818740801179942e+00
-2.234114090475062930e+00
-1.949603763369841980e+00
-1.804024470556921722e+00
-3.526040678675751661e+00
-1.066077285739361669e+00
-2.019397751169532462e+00
-1.434972910111089739e+00
-1.809294655485262027e+00
-2.633071742373950475e+00
-2.101086689503901539e+00
-1.337211772317539182e+00
-2.230026738083144888e+00
-2.303587541593459243e+00
-3.633070154308001065e+00
1.340471121941293031e+00
-2.193400701611873505e+00
-1.874661914868400725e+00
-2.691587219029790479e+00
-1.946981389320088240e+00
-1.507390957401023357e+00
-1.592603967720019886e+00
-6.184603368203849705e+00
-2.255791803351383518e+00
-2.005345988333810059e+00
-1.636272621926907922e+00
-1.159551424387580548e-01
-1.862600303294537740e+00
-1.892582175110813614e+00
-1.913673387339111187e+00
-1.368625682229735574e+00
-1.547586953402625420e+00
-2.603183163079574314e+00
-2.361323041956894908e+00
-1.674170130307857995e+00
2.899857479787614878e+00
-1.862280804746154095e+00
-2.078333735650792491e+00
-5.286594231170751446e-01
-2.262266614628859251e+00
-4.647449679243265130e+00
-2.059800777658858717e+00
-2.467368574768250333e+00
-1.520204073311906878e+00
-4.248099089437409881e-01
-4.774845394351970640e+00
-1.648534700939081388e+00
-9.231217513826169840e-01
-1.234925391531404459e+00
-1.323990361688322515e-01
2.007682192480397809e+00
-1.929195970943962779e+00
-2.023752057380031333e-01
-7.917786768594560209e-01
-1.868170813837791266e+00
-1.916359890129743615e+00
-2.443425851280512706e+00
-2.043386967980288293e+00
-2.199254824503576344e+00
-7.553482716303745736e-02
-2.450817584123657245e+00
2.630817372550574795e+00
-1.127169807178083571e+00
-2.488727014520637937e+00
-1.559535202275896371e+00
-2.005751923468147790e+00
-1.552448149164097346e+00
-1.761561018636712994e+00
-1.303153555781363826e+00
-1.095594602061001455e+00
-2.036331838786727300e+00
-3.900026506420261274e+00
-1.599262768681309455e+00
-2.408536546292387559e+00
-1.827576571928526405e+00
-2.098510255438262195e+00
-1.018552599802935665e+00
2.704451949047165460e+00
-2.154559910435422942e+00
-1.953398674996714490e+00
-2.150171515935001554e-01
-7.688891481587831755e-01
-2.529251555782804584e+00
1.252085451010204631e+00
-1.758095732780239784e+00
-1.439726956136218927e+00
-2.255941459203137267e+00
-1.455517890787445312e+00
-1.404212360335431287e+00
-2.037756460474398512e+00
-1.272718842456551425e+00
-1.945282336699028392e+00
-2.313238513884881442e+00
-1.962765018715555421e+00
-2.357676529266582666e+00
-7.802864638738524761e-01
-3.128157234442559886e+00
-1.656438625625038963e+00
-8.121455339894259051e-01
-2.432240509560503305e+00
-1.563690895769775713e+00
-1.818997580547421888e+00
-1.711187647766734710e+00
3.294276406832026272e-01
-1.341228348036949791e+00
-3.221846657435285088e+00
-1.017096112642112971e+00
-1.543788595780105855e+00
-2.612081347191495428e+00
-7.496112122534920319e-01
-1.701023122436259083e+00
-1.548760342693041414e+00
-1.835715564747957940e+00
-1.658641940110720636e+00
-1.922870214945576306e+00
-4.757352267749265451e+00
-7.981438155300392134e-01
-1.459854878180749882e+00
-1.593072804725240266e+00
-2.438785162491064362e+00
-2.234615911047403536e+00
-1.884230202730116543e+00
-3.257885754030795500e+00
-2.749558913619367218e+00
-3.187021532933111079e+00
-2.087949949216145740e+00
-1.766056595580193012e+00
-3.371790257131257906e+00
-1.554092281101342232e+00
-2.018605809582841193e+00
-9.802650488101058990e-01
-1.609759661486930060e+00
-8.666859488974131276e-01
-2.316671573622355762e+00
-1.706194401033900965e+00
-1.737251869564373497e+00
-2.689775324102732235e+00
-4.138507189689108579e+00
-1.344611645733380323e+00
-2.007741249706262110e+00
-1.805280142569184731e-01
3.178378055113535439e-01
-2.343249371211975074e+00
-8.913823301486469841e-01
1.645636558405092709e+00
-1.939270781078241468e+00
1.721163746507554215e+00
-4.916374674890049840e-02
-1.027731063179916499e-01
-1.398681774689302104e+00
-6.705518192776775965e-01
-1.023962728225873864e+00
-1.499524406527268372e+00
-2.289703126549090140e+00
-1.982912946056982317e+00
-3.854938577544689160e+00
-1.235347609058553786e+00
-7.472033428398728860e-01
-1.695007510554244590e+00
-1.870668832398583836e+00
1.674175927443514178e+00
-1.667130100169451845e+00
-2.176129668407828621e+00
-1.695409073471223937e+00
-1.917183704939145139e+00
-2.441354899688813251e+00
-8.859324843438604047e-01
-2.001450754506645335e+00
-2.079369438072566911e+00
-1.962167275316525794e+00
-2.313826220729079175e+00
-3.124764929034966610e+00
-1.697046180076310806e+00
-2.322341563029473477e+00
-7.556309641353211592e-01
-1.332049703398935359e+00
-1.772990382806032716e+00
-5.048829327627330166e+00
-2.151556838262336679e+00
-4.584169489994184277e-01
-1.450672310047152136e+00
-1.294989512763141892e+00
-1.998636374906412660e+00
-1.726077633146744006e+00
-2.368577987807737539e+00
-1.796842548085730185e+00
7.760769213339417938e-01
-2.271721580831018272e+00
-1.818456494088885211e+00
-3.991858969012659575e+00
-5.842116626235934085e+00
-4.030338566943957868e-01
-1.986658812160086107e+00
-3.637161761076251332e-01
-1.385904537983105644e+00
-1.704700128307957474e+00
-2.312853719490855831e+00
-1.873913719467765082e+00
-3.260402043206490408e+00
-8.287036878405329432e-01
-2.452016247400897520e+00
-1.899520729240958605e+00
1.199727246479183496e+00
-2.633542944272174946e+00
-3.070981748142609380e-01
-1.880284734835352189e+00
-2.018789225139574040e+00
-1.508714245337612558e+00
-2.072192611282144270e+00
6.277772194853388221e-01
-1.415188156552538379e+00
-7.549980949542161035e-01
3.447281819575995221e-01
-3.684354388539206049e+00
1.340918344533922779e+00
-1.560877227333924866e+00
-1.864194630006465347e+00
-8.495482250711781091e-01
-5.801439261054581742e-01
-7.799862936026721316e-01
-2.359245935501600666e+00
-1.754162247732657054e+00
-7.907701986739414934e-01
-2.166814529649826238e+00
-3.743329182770311458e+00
-1.481907578842478923e+00
-2.020901187408565391e+00
-1.923630336035915045e+00
-2.828218914373951676e-01
1.049957275441519844e+00
3.750210832678946282e+00
-2.319949739555169810e+00
-3.602985321965724630e+00
-1.942086315250788120e+00
-2.622551323910197407e+00
-1.430816129009357063e+00
-2.305472696026480417e+00
-1.663251040020595095e+00
-1.341062214572986022e+00
-1.948977308279069343e+00
-7.192212792728274628e+00
-2.285269673947325497e+00
-2.458321788752729109e+00
-1.908444809824616950e+00
-2.834663014216933341e+00
-1.795100795264165106e+00
-1.712764999697478308e+00
-1.491855305382263186e+00
-2.147928935050854360e+00
3.989205885793719597e-01
-2.329346367246367233e+00
-1.751289936568717787e+00
-1.613905280292692979e+00
-2.465627229468364767e+00
-1.464397112697328751e+00
-1.817513077526590859e+00
-3.577537484327011352e+00
-3.197708803771541763e+00
-2.240056823766492844e+00
-1.947567506236334456e+00
-3.694445981128783085e+00
-1.754862059077550551e+00
-2.187435241480711223e+00
-1.366731300650615655e+00
-1.832913457914987720e+00
-2.351812019572467882e+00
-8.938151316087483700e-01
-1.862877352542176679e+00
-2.095238488469192806e+00
-1.688955247947514726e+00
-3.689930161281052445e+00
-1.814409533094770266e+00
1.298898065184598938e+00
6.900406853372043514e+00
-2.038728555616414528e+00
-1.617104882749442751e+00
-7.422373607306993470e-01
-2.990785143044037309e+00
-2.373933544638761273e+00
8.080949166998994126e-01
-2.429280432611967022e+00
-1.906304403432097727e+00
-2.187081816230432185e+00
-1.991735418004721536e+00
-1.491358560234860464e+00
-1.351356729287413350e+00
-1.352083765919021463e+00
-1.575190241312973916e+00
-3.197754795621596813e+00
-1.739884885272414250e+00
-2.568772336885662977e+00
-1.757482959677008072e+00
1.998988081343413992e+00
-1.319038001993524167e+00
-1.538076657768272071e+00
-8.129847701177967956e-01
-1.983932665759296388e+00
-1.124931449198100397e+00
-1.609631371752041407e+00
-1.973240015627561128e+00
-2.975495963335352378e+00
-2.185947762941406580e+00
-2.072231476878539702e+00
-2.700251059445994972e+00
-2.232020608786291049e+00
-1.421314426287621835e+00
-2.187811153476492798e+00
-2.388601860177706371e+00
-1.823421476887206572e+00
-1.043524483786767876e+00
-1.279007370386477938e+00
-1.184985305272670875e+00
-6.205343752525857681e+00
7.330565944953111313e-01
-1.885208024505645286e+00
-3.411431795560178504e+00
-1.861596215899806506e+00
-1.552363433314281282e+00
-1.582729780714615675e+00
-1.472612257003025782e+00
-8.344385578132766934e-01
-1.726811062754838311e+00
-1.742578271609415363e+00
-1.434590305887274209e+00
-2.095205863708041072e+00
-4.692834711493386046e-01
-1.629188629012904954e+00
-1.849988844758514661e+00
-4.486724951449955867e+00
-1.161402927758243164e+00
-1.223316493208599365e+00
-2.580666776316242750e+00
-5.928995070662423927e+00
-5.640316777498494138e-01
-7.406402091904696228e+00
-9.955599812948783267e-01
-2.578967782417320276e+00
-6.281083597033036980e-01
-6.058765284595238221e+00
3.477081461505099558e+00
-1.662109053612772946e+00
5.255256729563018148e-01
-6.020685910946511621e-01
-1.709090599873232197e+00
-2.063523352272343292e+00
-2.016808617599331832e+00
-2.391176586525340486e+00
-1.822325962686998979e+00
-1.951474644365613242e+00
-2.205712203212428335e+00
-1.726920347060181049e+00
-1.231502848118342319e+00
-1.617110032164486899e+00
-7.898816820782090797e-01
-1.220051674264072572e+00
-1.599633552838134909e+00
-2.297273475863419456e+00
-3.198258475373256804e-01
-1.468804270020693803e+00
-2.227659141463105286e+00
-2.055812305062837630e+00
-1.637194866187813291e+00
-5.293561168273205553e+00
5.584386526578478005e+00
-1.662077924079967017e+00
-1.758819853168862579e+00
-1.163019654619043886e+00
-8.831731458445399863e-01
-8.929492656831203856e-01
-1.241189551808838498e+00
-1.783207698509982952e+00
-1.394691917754488086e+00
-2.222438107416655040e+00
-4.615305381909372562e-01
-9.016750447464426665e-01
-1.946047782102155344e+00
-2.114316249502493417e+00
-5.814683017160940715e+00
-2.181248863695546270e+00
-1.455422980263853638e+00
-2.224566420074519879e+00
-2.148986052146226733e+00
-1.736113651155092974e+00
-2.148137843483854503e+00
-1.528529203240710954e+00
-1.043541171410323987e+00
-1.604181562690955909e+00
-1.552300711196135108e+00
-2.126217183730087168e+00
-1.910934789020665159e+00
-2.066814432087129116e+00
-1.788953612228120882e+00
-2.617781602944539987e+00
-9.673328057146469705e-01
-3.369808431032720542e+00
-2.026214798099897685e+00
-2.389085971986831813e-01
-1.865449517372840926e+00
-2.355814184493469909e+00
-1.092640125713213228e+00
-1.983859502223448201e+00
-1.695349972912054248e+00
-2.121047486656151726e+00
-1.353391591006206207e+00
-1.700292070340522432e+00
-2.658571733300155504e+00
-1.662791157115847795e+00
-1.491926384453201804e+00
-3.592827225027819704e+00
-1.076237423455332021e+00
-1.750495009348672859e+00
-2.688574725458159342e+00
-2.705289808561071485e+00
-1.721611434686758813e+00
-3.091157486599896420e-01
-6.750704193280616217e+00
-1.997348616404450494e+00
-3.169061072148663172e+00
-2.167341944894881411e+00
-2.481307502263589537e+00
1.582241173262741718e-01
-2.737182957769197067e+00
-1.408377809811805603e+00
-2.146123246443068400e+00
-1.779616230230663287e+00
-1.960230787454128709e+00
-2.183101041688693122e+00
-5.691640747026608382e-01
-7.956267413311812753e-01
-1.694489265854889348e+00
-1.757326320568644018e+00
-1.723295310178894812e+00
-1.649760879663221713e+00
-1.983008663231259794e+00
-1.910445021745198924e+00
-2.055395124000965801e+00
-1.841086211237641157e+00
-2.039901219998013993e+00
-2.470154505380214083e+00
-2.081521859564545718e+00
-2.317627224092937421e+00
7.021459767453055445e-01
-3.051421174580524642e+00
-1.197120497443378895e+00
-2.960750906866793208e+00
-2.013534667606175610e+00
-6.663236732856817612e-01
-1.458062837106743448e+00
-2.471338214730824046e+00
-9.676292818695372278e-01
7.748028441791080523e-01
-5.592403016517503156e-01
-3.627710176298649003e+00
-1.717818194154555833e+00
-1.985746193223705047e+00
-9.191521961518064332e-01
1.587663794326019895e+00
-2.483786084362030522e+00
-2.361811121784063161e+00
-1.169910488397018611e+00
-2.022952709808701677e+00
-1.890491254842535440e+00
-3.316573847487438886e+00
-1.816314660428093752e+00
-1.925919549750827686e+00
-1.724033616068072927e+00
-1.433210220601015328e+00
-6.233636549004516469e-01
-1.568003651626464823e+00
-2.561666138900400291e+00
-2.811617645994810566e+00
-1.949128577736941592e+00
-4.754824890708534424e-01
-1.412616704481313601e+00
-2.574260627724212824e+00
-2.033455113530832303e+00
-1.623294988903718039e+00
-8.709873101448573074e-01
-1.066651230784004811e+00
-1.508065984930129888e+00
-6.589865196910513756e-01
-2.159909398568478522e+00
-1.683674721247639505e+00
-2.071524950761749029e+00
-1.824628916142053026e+00
-9.927958506742965428e-01
-1.677726685994382017e+00
-8.889313890566239440e-01
-1.622879957166173615e+00
1.634143062504277211e+00
-1.891761582884410986e+00
-2.335755415540632818e+00
-5.447603819026103356e-01
-1.588288104327697070e+00
-1.384469561109515912e+00
-2.089352768262504600e+00
-1.933641740649663765e+00
-1.763902354581215748e-01
-2.033091717327303094e+00
-1.409489764868511408e+00
-7.489637917856483140e-01
-1.468294123824575248e+00
-1.629929316511207649e+00
-1.760812835193057202e+00
-4.055322702568583959e-01
-1.917559189505104955e+00
-5.439294940307046744e-01
-1.547808276803242622e+00
-9.861684678254994951e-01
-1.874089381975158952e+00
-2.396671247970842966e+00
-3.375265988371756620e+00
-2.339008392038185224e+00
-1.543192281421462253e+00
-4.094628950192019445e+00
-4.466108690660900438e-01
-1.659875005186004504e+00
-7.587065369324525577e+00
-1.769406611744525737e+00
2.859575537753630048e+00
-1.872288453050423129e+00
-2.301153587610884177e+00
-1.023089562758460858e+00
-1.733982757369024075e+00
-1.495994989874024572e+00
-2.475008770609726572e+00
-9.333903561021014150e-01
-1.846876143109588364e+00
1.934615589295221927e+00
-1.384962491009994912e+00
-2.049739720562143042e+00
-2.124769481508825386e+00
-1.604539756088685820e+00
-9.316452369585885851e-01
-2.281614641283772116e+00
-3.294102129622817454e+00
-1.344100131770489925e+00
-2.743082444980242673e+00
-2.018080583534449524e+00
-1.438852325312105940e+00
-3.772882118238050086e+00
-2.064977413598875877e+00
-4.033498479571980155e+00
-1.945728908995939532e+00
-1.271914498785563230e-01
-2.333285975544070912e+00
-1.229152053454787730e+00
-9.187205917787780729e-01
1.991973954669096880e+00
-2.744644013479812905e+00
-1.748199776439040676e+00
-1.678483808935147481e+00
-7.061486253514336342e-01
-2.426815286145355355e+00
-2.928741353975735873e+00
-1.900107844469526075e+00
-1.683472613693753672e+00
-4.116700573587367629e+00
-4.058317122194177173e-01
-1.640782294905698935e+00
-2.368824501721452869e+00
-7.990192801026115843e-01
-1.418088969089666085e+00
-9.807726805722646324e-01
-2.716014850088711796e+00
-2.042172567214667556e+00
-3.919929622889567700e+00
-2.711887239861554555e+00
8.804447438174369811e-01
-1.370541232191252679e+00
-1.046656688087462594e+00
4.088352458224518315e+00
-1.440332830338735493e+00
-1.213178264533097739e+00
-9.312026737759059314e-01
-2.730820490239795895e+00
-7.858189839822257161e-01
-2.670272392707963238e+00
-1.112968590279885817e+00
3.441752565259603019e-02
-2.686210424185556889e+00
-2.062056499393667419e+00
-1.235068837782465456e+00
-5.962888772811079541e+00
-1.371774605575356354e+00
-1.880499116264068071e+00
-2.087171988369479703e+00
-1.731114587508621128e+00
-3.278355738570601474e+00
-2.625807629658995168e+00
-4.627370044290556983e+00
-1.886271717196203568e+00
-9.916484774611357134e-01
7.077829685343600685e-01
-2.138849173313154051e+00
-1.479646123221326270e+00
-2.232719182973035732e+00
-1.448389724456030647e+00
-1.861301135846055388e+00
-5.571065055753936512e-01
-4.488280806778171872e+00
-2.033298589228485831e+00
-4.413121186426492315e+00
-1.896606195503107273e+00
-1.876122369122368294e+00
-2.074202749217448183e+00
-4.585319814913569325e-01
-3.052865822535193452e+00
-2.393928096396014116e+00
-1.429653576895717704e+00
-2.639557076882458109e+00
-1.190328517598752134e+00
-6.071777978430788814e+00
-1.704677263522822894e+00
-7.393266200636001706e-01
7.643780282343887178e-01
-2.924073477403567267e+00
-1.367707833460442002e+00
-6.295724242694430428e-01
-2.484561599644585339e+00
-2.012166365448519567e+00
-1.548270364226461693e+00
-6.370598256401526882e+00
-3.688714967276434109e+00
-1.521855608642715296e+00
-6.851720522978524963e-01
-1.116564369742680807e+00
-1.616729220689708590e+00
-2.474419620558841793e+00
-2.183570887845884823e+00
-1.189574830144472628e+00
-1.230142814122575867e+00
-9.130786172353833052e-01
-2.044784586318431074e+00
-1.112945602428491165e+00
-1.159586795098004997e+00
-3.471104202665926675e+00
-9.515861417769951869e-01
-1.119784762465318551e+00
-1.782810674418251029e+00
1.499199143105205967e-01
-1.944793045276602239e+00
-5.343888180272006849e+00
-1.598769106039482635e+00
-1.697237549871574158e+00
-1.580210375578021020e+00
-1.860130102554845122e+00
-1.450021875562223173e+00
1.008468375861873989e+00
-5.139497245039710727e+00
-1.214039501951603706e+00
-1.778772021765014477e+00
-4.129128211930769510e+00
-5.809492763261575599e-01
2.001754112117921203e+00
-2.092596215385108760e+00
-2.050535129187656125e+00
-1.034188011688216946e+00
4.156619259561510904e-01
-2.735459157629134275e+00
-1.445637257230860451e+00
-4.814983450917201813e-01
-1.966067010182880992e+00
-1.332676327011967476e+00
-1.970383496017610092e+00
-1.742595679549943988e+00
-2.069068138527631273e+00
4.770222770615669683e-01
-2.204733621425722490e+00
-1.553257558503451596e+00
-2.706070090148946505e+00
-1.888577967953871228e+00
-2.304505954639995136e-01
-2.186478081121392414e+00
-4.478669102690912007e-01
6.346210113523521879e-02
-1.684888475318960133e+00
1.531659652081114764e+00
-4.025968447578596177e+00
-3.455859097850833450e+00
-1.991082544545825117e+00
-1.319861852773041466e+00
-1.918046432036734528e+00
-1.393389177675566470e+00
-1.711655881091739939e+00
-1.605461759562517798e+00
-9.145732943574502727e-01
7.771696028518501054e-01
-1.860761226578930616e+00
-9.115143721252494391e-01
-2.592372364735486823e+00
-3.260794824804600811e+00
-3.542182871676505140e+00
-2.670148057522030882e+00
-1.365008821840994813e+00
-1.637665898106260176e+00
-1.867450232928239640e+00
-5.262825150277899766e+00
-1.813542149248672963e+00
-1.230885838361790663e+00
-3.250022558040370324e+00
-1.837134896009546603e+00
-1.839747701096464239e+00
-2.961949032917724489e-01
-1.261566043474713128e+00
-2.351140119262351558e+00
-1.893926602570076279e+00
-2.159671567605960796e+00
-1.600640159483671665e+00
-6.718035730834576169e-01
-9.426650840431882727e-01
-1.826648516782088727e+00
-1.585033101569631286e+00
-2.531372536132399542e+00
-1.832856966179974068e+00
-1.969214333456146715e+00
-1.681865535370107967e+00
-8.632366139132636729e-01
-2.031243005609993713e+00
-4.057017288457764437e+00
-3.246856423177497675e+00
-1.811267193184209034e+00
-1.767171544199805933e+00
-1.896818466533936487e+00
-6.770681086300733842e-01
-2.151989425971335024e+00
2.150809621755782608e+00
-1.982568964923321353e-01
-5.593192737427441052e+00
-1.616696898183297426e+00
-1.957196982381571138e+00
-2.761304092374465391e+00
-1.173123396361656745e+00
-1.926787994310003915e+00
-1.505204228614681616e+00
-2.051892612710148445e+00
-2.089005584710077024e+00
-3.209496857184596097e-01
-8.316516980306174478e-01
-1.394882410483998081e+00
-8.619859891048945455e-01
-1.357971976287460025e+00
-9.444069780066310926e-01
-4.072343455791400224e+00
-1.431647471614223788e+00
-1.836167729613003452e+00
-1.347768547197539135e+00
-3.248811582692787248e+00
-7.094885472442189478e-01
-9.096793919869449185e-01
-2.153534104444931430e+00
-1.260187673964832111e+00
-1.989059349896597384e+00
-3.674350952211884902e+00
-3.302739903033625191e-01
-1.831297185909632530e+00
-2.086379487594217430e+00
-2.215328247932228489e+00
-1.730713870002732913e+00
-1.436593189149485639e+00
-1.909192767381051592e+00
-1.778694156589379016e+00
-1.835403258549508365e+00
-2.493467790925837146e+00
-1.194217859995003517e+00
-2.190503321305182105e+00
-2.116316626217232599e+00
9.209005528603227964e-01
-1.806028326765360736e+00
-1.502849846292910740e+00
-1.457549183410338900e+00
-3.506002753292131402e+00
-2.158793044512299364e+00
-7.303812851553936891e-01
-1.808159742620948141e+00
-9.073082910758697994e-02
-4.101493031544332979e+00
-1.615878435937890822e+00
-1.629280741075451511e+00
1.317759981097232025e+00
-1.311526709249240252e-01
-1.816766063968981992e+00
-2.231472208547800040e+00
-1.984811359905508832e+00
1.020444856637466202e+00
-1.738340212994226253e+00
-2.712725909609938757e+00
-2.127703887943311667e+00
-6.700958639949283757e-01
5.720507230991166425e-01
-6.099254306890731669e+00
-1.330804652588777559e+00
-1.447000753974464926e+00
-1.804319490906908019e+00
-1.932121132368814775e+00
-1.653695626982941036e+00
-2.545783524427748024e+00
-1.109953106388122945e+00
-1.910320348214151309e+00
-5.794620009037813047e-01
-1.918060159969628753e+00
-1.811348451407198468e+00
-1.521689565281497902e+00
-1.197844642290119666e+00
-1.993593686778835528e+00
-1.272195187140511274e+00
-5.262801057900379220e+00
-2.020781749182668730e+00
-1.696637220351461695e+00
-1.540803508888408890e+00
-1.530714875718261814e+00
-2.233362974803793310e+00
-1.304778735997166095e+00
-6.583044155770924055e-01
-1.714570028414013070e+00
-1.645637265265585070e+00
-4.102313923980760446e-02
1.044834464484840408e+00
-1.779180185579105844e+00
-2.255939388777329135e+00
-1.954872576400574324e+00
-1.810266614312863398e+00
-6.076861935367764422e-01
-1.630916713665961693e+00
-1.411927960046500674e+00
-1.590272678297885545e+00
-3.219899219166885818e+00
-2.061736872255850894e+00
-2.020678354121547837e+00
-3.448441485168174392e+00
-1.630320828785283060e+00
-1.228874635486367550e+00
7.640023326660107250e-02
-2.402392239556359055e+00
-1.952909854725923822e+00
-2.311012781174145214e+00
-3.449023475266093985e+00
-2.065226357721854811e+00
-3.000260519522389036e+00
-2.062270150518152434e+00
-1.987161308527815251e+00
-1.022255660195482418e+00
-2.510628275544175558e+00
-2.120815065512346553e+00
-2.364916984757543972e+00
-3.470936819945810381e+00
-2.531296867816389184e+00
2.059744462973811086e+00
-3.413567295545247848e+00
-1.421914605530079090e+00
-1.807544388259023416e+00
-1.038097107550579601e+00
-1.258484231619253935e+00
-2.285423740589009434e+00
-8.435050150680187819e-01
-1.761889109442160928e+00
-1.673641968955004167e+00
-1.378169284808136386e+00
-1.929797498306715875e+00
-1.264821449919353080e+00
-2.210743169020265242e+00
-2.093435370778120141e+00
-2.141313168085956065e+00
-1.459304233218437163e+00
1.730203943148252099e+00
-1.870107640455906051e+00
-1.110306204644312539e-01
-1.339161304486240711e+00
-3.215477834628068354e+00
-3.602593891130659642e+00
-1.459993948522453344e+00
-1.384725580750032936e+00
-2.169538629967469934e+00
-1.713814841302513381e+00
-1.696381777170940630e+00
-2.143806440101519772e+00
-2.215391911486812582e+00
-1.056815856531740039e+00
-2.063934971299742571e+00
-1.861227924016601420e+00
-1.825151839796889996e+00
-1.974810239624943842e+00
-1.085278144426935487e+00
-2.098037836120870470e+00
-2.412213644224110443e+00
-1.492242713343161498e+00
-1.600561838003940807e+00
-1.232883531535686750e+00
-2.771075140800759229e+00
-2.250817651018313992e+00
-1.055551173595962844e+00
-1.647896510102932588e+00
-2.296287627518035279e+00
-4.540427180214524072e-01
1.659252749377589709e+00
-2.465872963866820200e+00
-2.734668556440767340e+00
-1.164296514905417412e+00
-1.596748769796948242e+00
-7.857460112590991530e-01
-1.486552670434083678e+00
-6.908943999401190306e-01
1.030805198383035970e+00
1.356006167612531677e+00
-1.433622845894734432e+00
-3.403280520575763024e+00
-1.207305983187799692e+00
-1.674066465472353604e+00
-1.627683559697267635e+00
-1.959213382275678095e+00
-1.163736384537449542e+00
-5.077777849741223370e+00
-7.320008505040392910e-01
-1.017247652703964889e+00
-7.653319828263475122e-01
-1.199874427919231268e+00
-6.719477751271695887e+00
-4.871414367407390422e+00
-1.012860384120513269e+00
-2.026762597993385207e+00
-1.951456490754601925e+00
9.185310090677332173e-01
-9.368892453029777911e-01
-1.639688071523962565e+00
-1.586623501905933820e+00
-2.204855824252702767e+00
-1.435270588357496324e+00
2.617717429527567918e-01
-2.348925200295378879e+00
-9.832300307142155527e-01
-2.380710204366233373e+00
-1.280249410750507355e+00
-2.123189831123477145e+00
-9.534734375720320676e-01
6.159488841674235493e-01
-4.758763125865074883e+00
2.335112742889617621e-01
-1.258160225572271917e+00
-6.812391952193567413e+00
-1.177937955553814309e+00
6.739310870837232237e+00
-1.779997537896990778e+00
-1.928703725507443512e+00
-1.780647425320705857e+00
-1.877071397889046978e+00
-2.443431034039483141e+00
-7.845336554838118204e-01
2.167980169932510748e+00
-1.873520172276591289e+00
-2.133041041243497915e+00
-9.211542623087846104e-01
-2.382829657379143207e+00
-8.013233093203474544e-01
-9.977870435974148799e-01
-2.328570423920355292e+00
-1.338186826200881141e+00
-1.742709362689152108e+00
-3.431967622101082416e+00
-1.070820411250738236e+00
-2.936966598105740234e-01
-6.997428915605355959e-01
-1.627956257072787460e+00
-2.709693640909947021e+00
-3.789093728056361243e+00
-2.152080340712231088e+00
-1.907170689453450585e+00
1.494261879556457062e+00
-6.277385756982842846e-01
-1.942363334249783913e+00
-2.020932412382174803e+00
-1.356319986005599665e+00
-1.747355793722266792e+00
-1.235151802618941197e+00
-1.502003118701201734e+00
-1.583944498570019954e+00
-2.642355324795449545e-01
-1.312720896236243329e+00
-1.887424024271579404e+00
-1.944189922909161483e+00
-2.330461140609096482e+00
-1.489785950565400308e+00
-2.021014840758265763e+00
-4.993049759590393322e+00
8.198142619758337357e-01
-1.891419421259427303e+00
-2.262815362138624664e+00
-1.778063780856786291e+00
-1.606980078193598782e+00
-2.434297683843968496e+00
-2.314225253164759355e+00
-4.378229614285863436e-01
1.100469616910210613e+00
-2.159165785613598398e+00
-2.242671039574681391e+00
-1.701832880487538668e+00
-5.386223405113605978e-01
-1.649085762182394443e+00
-1.910784262933318267e+00
-2.679393152757112428e+00
-1.177140648973723280e+00
-2.511693800292322365e+00
-1.903355144852614700e+00
-4.340130922321445150e-01
-7.238650941318625076e-01
-1.120636285696853696e+00
-1.795676631494883990e+00
-1.360974440742466651e+00
1.121646931906537414e+00
-1.682508626696636034e+00
-2.244056856080529627e+00
-2.088410639329737251e+00
-1.573848330344037594e+00
